0.0 0.75 0.0        0.0 0.172 0.0
-0.25 0.25 0.0      0.0 0.172 0.0
0.0 0.25 0.0        0.0 0.23 0.0

0.0 0.75 0.0       0.0 0.172 0.0
0.25 0.25 0.0      0.0 0.172 0.0
0.0 0.25 0.0       0.0 0.23 0.0


0.0 0.5 0.0        0.0 0.172 0.0
-0.375 0.0 0.0      0.0 0.172 0.0
0.0 0.0 0.0        0.0 0.23 0.0

0.0 0.5 0.0       0.0 0.172 0.0
0.375 0.0 0.0      0.0 0.172 0.0
0.0 0.0 0.0       0.0 0.23 0.0


0.0 0.25 0.0        0.0 0.172 0.0
-0.5 -0.25 0.0      0.0 0.172 0.0
0.0 -0.25 0.0        0.0 0.23 0.0

0.0 0.25 0.0       0.0 0.172 0.0
0.5 -0.25 0.0      0.0 0.172 0.0
0.0 -0.25 0.0       0.0 0.23 0.0


0.0 0.0 0.0        0.0 0.172 0.0
-0.7 -0.5 0.0      0.0 0.172 0.0
0.0 -0.5 0.0        0.0 0.23 0.0

0.0 0.0 0.0       0.0 0.172 0.0
0.7 -0.5 0.0      0.0 0.172 0.0
0.0 -0.5 0.0       0.0 0.23 0.0



-0.1 -0.5 0.0       0.38 0.164 0.0
0.0  -0.5 0.0       0.38 0.164 0.0
-0.1 -0.7 0.0       0.38 0.164 0.0

0.0 -0.5 0.0       0.38 0.164 0.0
0.0  -0.7 0.0       0.42 0.19 0.0
-0.1 -0.7 0.0       0.38 0.164 0.0


0.1 -0.5 0.0       0.38 0.164 0.0
0.0  -0.5 0.0       0.38 0.164 0.0
0.1 -0.7 0.0       0.38 0.164 0.0

0.0 -0.5 0.0       0.38 0.164 0.0
0.0  -0.7 0.0       0.42 0.19 0.0
0.1 -0.7 0.0       0.38 0.164 0.0
