-0.4 0.2 0       0.26 0.26 0.26
0 0 0            0.2 0.2 0.2
-0.6 -0.4 0      0.09 0.2 0.09

-0.6 -0.4 0      0.09 0.2 0.09
0 0 0            0.2 0.2 0.2
-0.4 -0.56 0      0.09 0.2 0.09

-0.4 -0.56 0      0.09 0.2 0.09
0 0 0            0.2 0.2 0.2
0.4 -0.56 0      0.09 0.2 0.09

0.4 -0.56 0      0.09 0.2 0.09
0 0 0            0.2 0.2 0.2
0.75 -0.25 0      0.09 0.2 0.09

0.75 -0.25 0      0.09 0.2 0.09
0 0 0            0.2 0.2 0.2
0.75 0 0      0.2 0.2 0.2

0.75 0 0      0.2 0.2 0.2
0 0 0            0.2 0.2 0.2
0.4 0.25 0      0.26 0.26 0.26
